8.9
7.9
14.2
15.4
18.1
19.1
21.7
20.8
19.6
14.9
10.8
8.8
8.5
10.4
9.3
16.2
17.1
22.0
25.1
23.9
22.8
17.0
10.2
9.2
7.1
9.9
12.3
12.9
17.2
23.6
21.6
21.9
17.6
14.0
9.3
3.8
7.3
7.0
8.4
12.3
15.0
20.5
23.0
20.2
19.2
14.6
11.8
8.9
6.2
6.7
10.6
15.6
19.6
20.9
23.3
21.6
16.4
13.2
7.5
5.8
5.6
7.5
11.1
13.1
18.7
19.8
21.0
22.6
19.5
14.7
11.3
10.0
5.9
6.1
10.4
13.2
16.8
18.6
19.2
19.8
18.0
16.2
11.2
9.7
5.6
5.0
7.9
15.2
15.5
20.0
24.4
24.3
19.9
13.5
10.7
9.5
7.0
2.9
11.0
12.1
19.1
18.5
20.9
18.8
19.2
13.8
9.3
8.2
8.7
9.0
13.9
14.2
16.2
23.6
22.5
21.1
17.6
15.5
9.4
7.6
6.8
8.9
8.1
12.3
17.3
19.4
21.7
20.8
20.0
14.9
9.7
8.0
5.7
7.4
11.9
14.2
18.7
22.1
24.7
24.2
22.7
17.8
10.8
9.3
6.9
7.9
10.2
14.3
18.4
22.1
20.1
20.3
18.5
14.2
11.2
6.9
6.9
10.3
13.9
15.0
16.8
21.7
22.1
21.7
20.9
15.6
9.9
6.8
7.9
7.6
7.4
12.7
15.0
20.4
20.6
20.0
17.8
15.7
9.1
5.0
0.8
2.8
10.7
13.6
16.0
20.8
21.1
19.8
18.0
14.8
11.8
5.4
5.8
7.6
7.6
12.8
19.6
19.3
22.8
22.3
21.1
13.7
11.2
7.1
6.6
5.9
10.5
13.4
16.8
19.7
19.3
20.8
17.4
16.2
8.4
8.4
5.3
9.3
10.9
12.2
17.0
21.8
20.1
20.6
19.6
14.7
8.8
9.3
7.3
9.3
11.6
12.5
15.6
20.1
23.5
21.5
18.5
15.0
9.7
7.2
7.2
5.7
11.1
13.7
15.4
20.6
20.7
20.2
18.8
16.5
9.5
5.4
8.9
4.9
8.0
13.6
17.1
20.6
23.9
21.8
19.6
18.2
9.6
6.1
7.1
7.2
8.1
11.4
19.2
23.6
21.3
22.3
20.3
15.7
11.9
7.0
7.8
8.6
9.1
12.2
18.1
17.8
24.1
21.3
20.7
17.2
10.4
9.3
6.9
7.9
12.4
12.9
16.0
17.5
22.3
21.8
17.3
15.6
9.9
9.4
7.3
8.1
11.5
12.5
16.9
21.9
21.4
23.7
20.7
13.9
10.3
8.6
9.6
9.2
10.3
14.0
17.0
20.1
20.9
21.5
17.5
11.0
10.6
11.0
10.3
9.3
8.4
13.3
15.1
21.8
24.1
25.9
19.5
14.4
10.1
7.6
8.8
7.8
9.5
13.7
19.3
25.5
26.6
25.1
19.0
14.9
9.9
5.6
6.1
9.6
11.2
12.2
16.4
17.4
22.4
20.3
18.0
16.3
10.4
9.2
6.7
6.2
11.3
10.7
17.2
19.7
20.5
20.7
20.1
17.1
12.6
7.8
3.8
4.5
9.2
12.7
15.9
19.0
22.5
21.0
19.6
16.4
10.8
9.2
6.0
9.9
9.0
14.0
17.3
19.8
19.7
21.9
20.1
14.0
9.3
8.9
8.1
7.1
11.8
12.9
16.1
18.5
22.0
22.8
20.3
12.9
11.5
4.4
6.9
8.4
11.1
14.3
18.0
21.5
22.7
22.2
20.8
14.1
11.4
8.2
10.0
5.5
10.8
12.4
15.6
20.8
27.6
24.5
19.3
15.1
11.3
9.2
8.0
7.4
8.9
14.6
14.9
21.3
24.2
24.4
18.6
15.8
12.2
8.7
4.1
6.3
9.4
14.0
16.4
18.5
22.9
20.3
20.6
16.1
8.1
10.0
7.2
1.7
10.1
10.9
16.3
21.8
22.6
20.0
17.4
16.4
12.1
9.7
3.6
7.7
8.5
15.8
16.3
18.6
21.8
21.8
19.3
15.0
9.8
8.9
8.8
8.7
10.7
13.5
18.0
19.7
20.0
21.8
18.8
15.5
9.9
10.4
9.5
10.2
12.9
11.5
21.0
22.1
25.8
24.2
20.7
17.1
10.9
9.4
10.2
11.7
13.6
14.6
20.5
19.5
24.7
26.0
19.7
16.9
10.7
7.6
7.3
5.4
12.5
13.1
15.7
17.8
23.2
24.1
21.4
14.6
10.6
8.3
7.5
9.5
11.8
14.0
21.0
22.5
22.5
21.7
18.9
12.5
12.0
7.8
10.3
7.2
11.8
14.6
18.0
21.8
21.6
21.6
17.5
13.0
8.8
9.2
9.3
7.7
12.3
13.3
16.0
21.5
26.2
23.0
17.8
15.4
13.6
10.7
8.9
10.7
11.2
15.0
19.0
20.7
26.3
27.0
19.2
18.3
12.0
5.8
7.2
6.8
8.6
14.3
15.1
22.8
24.2
23.1
19.2
16.6
10.5
6.2
5.5
10.8
13.8
15.6
18.7
20.2
23.5
25.8
20.9
15.9
12.5
9.5
9.2
11.6
12.1
12.7
19.6
19.9
21.4
23.5
20.4
14.7
9.6
9.7
9.4
8.8
12.2
14.9
19.1
20.3
24.9
22.8
21.3
15.6
11.3
8.7
8.6
10.4
12.1
12.9
18.0
21.0
21.0
23.2
20.1
14.7
11.0
9.0
7.1
9.2
9.5
12.8
18.8
20.8
24.3
23.5
18.1
17.6
11.3
7.3
9.5
11.3
12.4
15.7
17.3
20.1
22.3
23.3
20.3
15.3
12.4
9.0
8.0
8.4
13.6
15.7
18.2
23.3
24.2
26.4
21.9
14.5
12.6
8.8
8.8
8.7
10.8
14.9
18.2
22.1
22.7
23.8
20.8
15.3
11.2
8.8
9.5
7.3
11.5
14.6
17.7
22.8
23.3
23.2
21.4
17.8
10.7
8.2
7.6
7.2
9.4
14.1
18.0
23.7
28.2
22.2
22.7
17.8
12.7
9.7
10.5
9.9
12.5
18.9
17.9
21.2
21.4
21.5
19.9
15.4
11.4
8.9
10.4
11.0
10.6
13.7
19.8
20.8
22.8
21.5
18.5
15.0
10.7
7.3
6.8
7.8
12.9
16.1
19.1
22.4
23.0
23.9
20.5
16.3
12.6
7.0
4.5
6.9
11.1
15.8
17.3
23.5
25.0
21.6
19.4
15.2
9.1
3.9
7.4
10.2
12.3
19.7
19.4
20.7
21.7
21.8
21.3
18.1
13.6
9.9
9.8
8.0
14.7
13.3
18.2
19.4
21.3
23.5
20.0
14.2
11.0
9.0
6.5
6.7
6.9
13.5
16.4
20.3
27.0
24.3
19.7
17.0
10.4
10.2
10.0
10.6
14.1
16.1
18.0
22.1
25.8
21.7
21.5
17.6
12.5
9.2
8.8
8.0
11.6
16.3
17.6
22.2
23.7
22.2
18.6
15.8
13.4
13.7
9.5
9.4
10.7
13.5
19.0
20.7
24.0
24.7
22.4
15.9
10.5
10.2
